# Number of parameters = 136 Objective function value = 484.943015702574  Maximum gradient component = 6.01065413317826e-005
# tau:
0.200000000000
# Mest:
0.188021427333
# log_Linf:
4.30945594184
# log_k:
-1.83258146375
# log_Lo:
2.89037175790
# log_sdage:
-2.40794560865
# mean_log_rec:
-2.52555242737
# steepness:
0.700000000000
# log_Rzero:
-2.72630633616
# rec_dev:
 -0.732825254069 -0.814813437352 -0.881466369613 -0.882656882831 -0.796638032657 -0.277135253852 -0.0647203786422 0.0593169734606 0.136149955187 -0.0796546097793 1.08862832825 0.489183667067 0.895961309606 0.509920802067 0.563552777924 0.499690660009 2.96568639490 -0.363827973853 -0.209691062998 1.54408708468 0.621034686536 1.95951618982 0.411026605737 0.371765400006 1.18070263896 0.539375945547 -0.108946076315 1.19221662467 -0.472612538896 -0.0959756210287 -0.185370927796 0.631197686709 -0.779975794386 -0.0995550691218 -0.524992178761 -0.756900552960 -0.552137105696 0.357593876917 0.560887062134 -0.931337795294 -1.01867481211 -0.909211741092 -1.21383363458 -0.576817790413 0.173973492931 -0.576010024388 -0.949673309864 0.477361468193 -0.430433372577 0.711141937664 -1.86188131579e-009
# log_sigmar:
-0.510825623766
# fmort:
 0.0219698396753 0.0351122411138 0.165816854385 0.117614210211 0.143176680112 0.104968104638 0.0853148642719 0.0805232551894 0.0470914073654 0.0486859912108 0.0735089294804 0.0214515305556 0.174638737283 0.192038528615 0.122971288063 0.154737858777 0.203832127270 0.222572010501 0.142957573742 0.114434141275 0.144921699452 0.00504518057053 0.00579560432849 0.00375478365486 0.00544122804159 0.00775260583688 0.00540199654218 0.00710080723125 0.00645775724649 0.00988698872772 0.00512803798085 0.00776429973084 0.00644958650286 0.00621765373424 0.00495523363511 0.0146820560698
# log_selcoffs_fsh[1]:
 -3.15716535616 -2.44709043718 -1.49426817378 -0.435151393224 0.0723121663377 0.429010726181 0.685729817101 0.876876402125
 -3.19952332882 -2.46477148179 -1.63556302618 -0.735154747066 0.0358797925155 0.473517854669 0.741516602093 0.899606589582
 -3.20995400046 -2.44295029835 -1.64589901335 -0.853764663761 -0.119645105881 0.481913173928 0.794849078037 0.929632585455
 -3.17634409359 -2.40736818189 -1.62295930891 -0.858277083185 -0.173096374037 0.386588294829 0.781527485192 1.01130649618
# log_sel_spl_fsh[1]:
 0.00000000000 0.00000000000 0.00000000000 0.00000000000
 0.00000000000 0.00000000000 0.00000000000 0.00000000000
 0.00000000000 0.00000000000 0.00000000000 0.00000000000
 0.00000000000 0.00000000000 0.00000000000 0.00000000000
# logsel_slope_fsh[1]:
 0.00000000000 0.00000000000 0.00000000000 0.00000000000
# sel50_fsh[1]:
 0.00000000000 0.00000000000 0.00000000000 0.00000000000
# logsel_p1_fsh[1]:
 0.00000000000 0.00000000000 0.00000000000 0.00000000000
# logsel_p2_fsh[1]:
 0.00000000000 0.00000000000 0.00000000000 0.00000000000
# logsel_p3_fsh[1]:
 0.00000000000 0.00000000000 0.00000000000 0.00000000000
# rec_dev_future:
 0.00000000000 0.00000000000 0.00000000000 0.00000000000 0.00000000000
# log_q_ind[1]:
0.00000000000
# log_q_power_ind[1]:
0.00000000000
# log_selcoffs_ind[1]:
 -0.573750681605 -0.817052629268 -0.779313719763 -0.489732250177 -0.0953890420487 0.270834523985 0.525710116941 0.698936296282
# logsel_slope_ind[1]:
 0.00000000000
# sel50_ind[1]:
 0.00000000000
# logsel_p1_ind[1]:
 0.00000000000
# logsel_p2_ind[1]:
 0.00000000000
# logsel_p3_ind[1]:
 0.00000000000
# repl_F:
0.0281333496396
