#model_name
ai22
1    # SSLn species...
0    # Buffer of Dorn
1    # Number of fsheries
1    # Number of sexes
0.0262659  # averagei 5yr f                  
 1  # author f                  
 0.4  # ABC SPR        
 0.35 # MSY/OFL SPR    
# Spawnmo  
3
15 # Number of ages
# Fratio
 1
 0.20559 0.20559 0.20559 0.20559 0.20559 0.20559 0.20559 0.20559 0.20559 0.20559 0.20559 0.20559 0.20559 0.20559 0.20559 # Natural Mortality       
# Maturity
 0 0.001 0.021 0.269 0.565 0.813 0.899 0.959 0.984 0.99 1 1 1 1 1
# Wt spawn
 38.678 188.375 477.01 687.766 860.503 1017.51 1111.36 1247.21 1428.88 1532.43 1609.36 1690.61 1647.78 1562.09 1581.96
# Wt fsh
 179 256 371 558 859 1238 1540 1652 1650 1670 1748 1827 1840 1791 1740
# selectivity
 0.0129983 0.0305466 0.0754523 0.187339 0.384003 0.612299 0.797529 1 1 1 1 1 1 1 1
# natage
 0.0923722 0.0746382 0.0500827 0.0329273 0.0122721 0.0168063 0.0219664 0.0151665 0.0131286 0.0189304 0.0111551 0.00319259 0.0060586 0.000823498 0.0109091
#_N_recruitment_years (not including last 1 estimates)
43
#_Recruitment_start_at_1977_yearclass=1978_for_age_1_recruits 1978 1979 1980 1981 1982 1983 1984 1985 1986 1987 1988 1989 1990 1991 1992 1993 1994 1995 1996 1997 1998 1999 2000 2001 2002 2003 2004 2005 2006 2007 2008 2009 2010 2011 2012 2013 2014 2015 2016 2017 2018 2019 2020
 0.154556 1.5531 0.0441338 0.0578563 0.389377 0.150497 0.591672 0.118809 0.111992 0.262773 0.134948 0.0645221 0.256279 0.0422773 0.0653214 0.0562584 0.127454 0.0263046 0.0562964 0.033634 0.0252479 0.0308852 0.0766106 0.0921639 0.0186294 0.0156052 0.0171361 0.0121438 0.0285385 0.0865257 0.0478407 0.0132822 0.0782567 0.0330908 0.0929498 0.126962 0.0707686 0.0657361 0.0767152 0.0473999 0.0280387 0.0611048 0.0755979
# SpawningBiomass
 147.787 159.925 163.998 152.428 204.278 257.347 285.257 272.039 268.076 287.343 289.116 280.749 265.908 215.361 174.633 153.681 130.711 105.355 80.6087 71.423 65.4834 58.9559 59.0251 58.7291 57.0755 56.7016 59.8012 62.2458 60.812 56.5391 52.1915 48.5563 47.8049 49.6309 50.5853 50.9083 51.5867 55.8382 62.8387 71.3188 77.7408 81.021 82.9813
