#model_name
ai22_2
1    # SSLn species...
0    # Buffer of Dorn
1    # Number of fsheries
1    # Number of sexes
0.0269599  # averagei 5yr f                  
 1  # author f                  
 0.4  # ABC SPR        
 0.35 # MSY/OFL SPR    
# Spawnmo  
3
15 # Number of ages
# Fratio
 1
 0.33662 0.264487 0.264487 0.264487 0.264487 0.264487 0.264487 0.264487 0.264487 0.264487 0.264487 0.264487 0.264487 0.264487 0.144266 # Natural Mortality       
# Maturity
 0 0.001 0.021 0.269 0.565 0.813 0.899 0.959 0.984 0.99 1 1 1 1 1
# Wt spawn
 38.678 188.375 477.01 687.766 860.503 1017.51 1111.36 1247.21 1428.88 1532.43 1609.36 1690.61 1647.78 1562.09 1581.96
# Wt fsh
 179 256 371 558 859 1238 1540 1652 1650 1670 1748 1827 1840 1791 1740
# selectivity
 0.00866091 0.0213945 0.055558 0.14498 0.313259 0.531704 0.746251 1 1 1 1 1 1 1 1
# natage
 0.192302 0.136216 0.0782819 0.0442665 0.0151152 0.0195142 0.0239039 0.0156239 0.0127483 0.0172506 0.00950286 0.00258415 0.0046426 0.00060653 0.0102625
#_N_recruitment_years (not including last 1 estimates)
43
#_Recruitment_start_at_1977_yearclass=1978_for_age_1_recruits 1978 1979 1980 1981 1982 1983 1984 1985 1986 1987 1988 1989 1990 1991 1992 1993 1994 1995 1996 1997 1998 1999 2000 2001 2002 2003 2004 2005 2006 2007 2008 2009 2010 2011 2012 2013 2014 2015 2016 2017 2018 2019 2020
 0.287346 2.83715 0.0771457 0.102999 0.715977 0.27311 1.09709 0.210481 0.198794 0.430603 0.224122 0.106592 0.424627 0.07004 0.109989 0.095686 0.227246 0.0474266 0.102769 0.0609033 0.0450678 0.0530119 0.132107 0.158178 0.0323323 0.0269723 0.0295372 0.0208812 0.0488897 0.149715 0.0826619 0.0226069 0.130664 0.055032 0.153349 0.211171 0.118146 0.109674 0.127482 0.079292 0.0469408 0.105317 0.142857
# SpawningBiomass
 192.123 203.917 206.12 193.949 268.563 337.647 365.193 339.829 327.897 346.711 343.373 326.867 300.516 241.369 193.725 168.544 143.122 115.246 88.0916 78.8725 72.8068 66.2389 65.3475 63.8841 60.9526 60.1396 63.6496 65.9934 63.3959 57.5744 51.9891 47.885 47.9022 50.8591 52.192 52.7533 53.4905 58.3047 66.4206 75.497 81.4626 83.736 84.2992
