# Number of parameters = 154 Objective function value = 590.167077292033  Maximum gradient component = 0.000159105591200193
# tau:
0.200000000000
# Mest:
0.0489795678350
# Mage_offset:
 1.94591014906 1.70474809224 1.09861228867
# log_Linf:
4.30945594184
# log_k:
-1.83258146375
# log_Lo:
2.89037175790
# log_sdage:
-2.40794560865
# mean_log_rec:
-1.45407437145
# steepness:
0.700000000000
# log_Rzero:
-1.99782357327
# rec_dev:
 -0.616099137446 -0.673649328583 -0.725136233780 -0.720226248953 -0.639394877098 -0.107798815491 0.0707160657789 0.147101413545 0.142702153320 -0.111060544683 1.00394016655 0.373243819368 0.741983683708 0.349951507115 0.384918172628 0.334045287383 3.06730753819 -0.334632328623 -0.158115853539 1.63157037659 0.659374590003 2.04091497792 0.432559511645 0.386714597909 1.11553633091 0.487981001870 -0.163399452316 1.13159205134 -0.531286644933 -0.149561520653 -0.234692396917 0.606263904555 -0.794793020983 -0.123302978330 -0.574621870546 -0.828331241452 -0.675759293941 0.208446789332 0.382619866178 -1.08526671032 -1.24516633136 -1.17649768866 -1.41668889326 -0.715479466001 0.313011936331 -0.230144082829 -1.26510354637 0.242920239646 -0.541694909018 0.403876042551 0.705193505131 0.155326218429 0.0692014171836 0.211695999747 -0.226341871104 -0.641774945472 -0.0177406639717 -0.00708239175162 -0.00535309861843 -0.00188784522750
# log_sigmar:
-0.510825623766
# fmort:
 0.0158106701153 0.0255491101038 0.118756689413 0.0832108070040 0.101079054790 0.0745705613706 0.0614688537765 0.0583845348333 0.0345540605016 0.0375055197989 0.0586419793348 0.0176228378526 0.147485670712 0.163011759573 0.106960200054 0.137328448035 0.183580683735 0.200662880958 0.129598522544 0.104433719594 0.134098143718 0.00472047722429 0.00553606681857 0.00365651559936 0.00548282221346 0.00803450795032 0.00574994626428 0.00772984545231 0.00720528519648 0.0112985794269 0.00606926275125 0.00949456434217 0.00798390728385 0.00750890103466 0.00572706611707 0.0163471278865 0.0124852482084 0.00466739417807 0.00598677250964 0.00633018085695 0.00703838364277 0.00576451337051 0.0107498598688 0.00630864484033 0.00959670151626
# log_selcoffs_fsh[1]:
 -3.57039412613 -2.74672447628 -1.69621262738 -0.563814796558 -0.00340124185283 0.399857081881 0.714223713234 0.964886694144
 -3.64083987059 -2.79252396918 -1.86140152910 -0.880941775933 -0.0552412184523 0.438853564305 0.767719567069 0.989773337784
 -3.69848205480 -2.79974779509 -1.87380078623 -0.972681155459 -0.175546249920 0.453102771208 0.804547126092 1.00610886622
 -3.70876708152 -2.81490393839 -1.87017019906 -0.915409168733 -0.140111498295 0.400757243374 0.752116821507 1.05689732640
# log_sel_spl_fsh[1]:
 0.00000000000 0.00000000000 0.00000000000 0.00000000000
 0.00000000000 0.00000000000 0.00000000000 0.00000000000
 0.00000000000 0.00000000000 0.00000000000 0.00000000000
 0.00000000000 0.00000000000 0.00000000000 0.00000000000
# logsel_slope_fsh[1]:
 0.00000000000 0.00000000000 0.00000000000 0.00000000000
# sel50_fsh[1]:
 0.00000000000 0.00000000000 0.00000000000 0.00000000000
# logsel_p1_fsh[1]:
 0.00000000000 0.00000000000 0.00000000000 0.00000000000
# logsel_p2_fsh[1]:
 0.00000000000 0.00000000000 0.00000000000 0.00000000000
# logsel_p3_fsh[1]:
 0.00000000000 0.00000000000 0.00000000000 0.00000000000
# rec_dev_future:
 0.00000000000 0.00000000000 0.00000000000 0.00000000000 0.00000000000
# log_q_ind[1]:
0.00000000000
# log_q_power_ind[1]:
0.00000000000
# log_selcoffs_ind[1]:
 -0.914068854895 -1.14829571875 -1.06862967002 -0.723351633778 -0.233345983392 0.258345499195 0.636740569339 0.906788035944
# logsel_slope_ind[1]:
 0.00000000000
# sel50_ind[1]:
 0.00000000000
# logsel_p1_ind[1]:
 0.00000000000
# logsel_p2_ind[1]:
 0.00000000000
# logsel_p3_ind[1]:
 0.00000000000
# repl_F:
-0.0622094409986
