#Species name here:
ai20_2_AI20.dat
#SSL Species?
1
#Constant buffer of Dorn?
0
#Number of fisheries?
1
#Number of sexes?
1
#5year_Average_F(endyr-4,endyr_as_estimated_by_ADmodel)
0.0059603
#_Author_F_as_fraction_F_40%
1
#ABC SPR
0.4
#MSY SPR
0.35
#_Spawn_month
0
#_Number_of_ages
15
#_F_ratio(must_sum_to_one_only_one_fishery)
1
#_Natural_Mortality 1 2 3 4 5 6 7 8 9 10 11 12 13 14 15
1.4 1.1 0.2 0.2 0.2 0.2 0.2 0.2 0.2 0.2 0.2 0.2 0.2 0.2 0.6 
#_Maturity_divided_by_2(projection_program_uses_to_get_female_spawning_biomass_if_divide_by_2 1 2 3 4 5 6 7 8 9 10 11 12 13 14 15
 0.269 0.565 0.813 0.899 0.959 0.984 0.99 1 1 1 1 1 6 1.9488 0.0512
#_Wt_at_age_spawners 1 2 3 4 5 6 7 8 9 10 11 12 13 14 15
 687.766 860.503 1017.51 1111.36 1247.21 1428.88 1532.43 1609.36 1690.61 1647.78 1562.09 1581.96 0 0.0005 0.0105
#_Wt_at_age_fishery 1 2 3 4 5 6 7 8 9 10 11 12 13 14 15
 179 256 371 558 859 1238 1540 1652 1650 1670 1748 1827 1840 1791 1740
#
#_Selectivity_fishery_scaled_to_max_at_one 1 2 3 4 5 6 7 8 9 10 11 12 13 14 15
 0.100256 0.294104 0.683081 1 0.98076 0.760278 0.60131 0.507812 0.507812 0.507812 0.507812 0.507812 0.507812 0.507812 0.507812
#_Numbers_at_age_end_year 1 2 3 4 5 6 7 8 9 10 11 12 13 14 15
 0.815147 0.200808 0.0485701 0.0549381 0.0547034 0.0156377 0.0156701 0.0151904 0.0238659 0.00810414 0.00459155 0.00644338 0.00442094 0.00233214 0.00497329
#_N_recruitment_years (not including last estimate)
42
#_Recruitment_start_at_1977_yearclass=1978_for_age_1_recruits 1978 1979 1980 1981 1982 1983 1984 1985 1986 1987 1988 1989 1990 1991 1992 1993 1994 1995 1996 1997 1998 1999 2000 2001 2002 2003 2004 2005 2006 2007 2008 2009 2010 2011 2012 2013 2014 2015 2016 2017 2018 2019
 1.81004 1.29272 0.731392 1.77478 8.12013 0.465411 0.694187 1.48926 0.825533 2.48112 0.613919 1.12351 0.649037 1.19797 0.377589 1.68015 0.279337 0.355453 0.259653 0.471289 0.142396 0.332634 0.334403 0.298329 0.364328 0.307718 0.68143 0.232719 0.30995 0.283353 0.436431 0.518669 0.301056 0.430229 1.02241 0.527216 0.442011 0.358484 1.01658 0.826936 0.5942 0.815147
#_Spawning biomass 
 0.860465 0.798028 0.776244 0.682101 0.707384 1.36169 0.93147 0.651497 0.681905 0.608239 0.726144 0.569046 0.512197 0.472938 0.428281 0.310528 0.376889 0.253902 0.185444 0.145488 0.137225 0.10303 0.0904882 0.102886 0.104362 0.114579 0.115731 0.156832 0.13596 0.130275 0.131814 0.14656 0.163365 0.150678 0.155709 0.224158 0.214752 0.194702 0.185201 0.247815 0.271217 0.254224 0.274351
