# Number of parameters = 140 Objective function value = 495.923522704395  Maximum gradient component = 5.08228174703268e-005
# tau:
0.200000000000
# Mest:
0.192769280861
# log_Linf:
4.30945594184
# log_k:
-1.83258146375
# log_Lo:
2.89037175790
# log_sdage:
-2.40794560865
# mean_log_rec:
-2.47420220089
# steepness:
0.700000000000
# log_Rzero:
-2.73341423817
# rec_dev:
 -0.715356116211 -0.798362384418 -0.866515113530 -0.869540041812 -0.785185833814 -0.265630839053 -0.0582827160508 0.0614151097150 0.133233927924 -0.0833258940801 1.08221165348 0.481696699098 0.886407009299 0.500394115402 0.554829831484 0.485655209465 3.01005208789 -0.342581467253 -0.179613097714 1.59239797079 0.654085568289 2.01062548935 0.438777189422 0.403638530385 1.21628604583 0.564015707870 -0.0863243569250 1.21467429940 -0.463940571512 -0.0917208196650 -0.189466299976 0.614950284701 -0.803213358774 -0.133079400538 -0.561101551208 -0.798375768568 -0.599312240491 0.302956187358 0.498434606650 -0.979686050773 -1.10416963987 -1.03337846292 -1.30871939180 -0.652904509611 0.232703714895 -0.277311259562 -1.16878806726 0.270307746250 -0.750183472901 0.785100902815 -0.0204250675088 -0.196944993635 -2.50421372527e-009
# log_sigmar:
-0.510825623766
# fmort:
 0.0219672267304 0.0350604319496 0.165071651257 0.116931580045 0.142083328235 0.104158438348 0.0847199417379 0.0798973940413 0.0466400395440 0.0483063010493 0.0730546301662 0.0213532756841 0.173716394366 0.191409719691 0.123040218564 0.155445245194 0.205820762001 0.226305218228 0.146572693907 0.118420339532 0.151697375027 0.00532193616316 0.00614071996562 0.00399845996886 0.00582409220642 0.00834436243814 0.00584720020261 0.00773226730482 0.00707666684826 0.0109057235472 0.00569246459666 0.00867072488569 0.00723163104063 0.00694887182780 0.00546316515356 0.0159367968331 0.0124991351935 0.00472051004420
# log_selcoffs_fsh[1]:
 -3.18587086434 -2.46758544332 -1.50824679137 -0.444773873739 0.0658663970814 0.425351306922 0.687526436130 0.885666438108
 -3.23478838570 -2.48756615153 -1.64780255829 -0.740498053287 0.0344073561577 0.473883756301 0.743259768389 0.901853167987
 -3.25411136175 -2.47053286517 -1.65925072317 -0.857435893314 -0.119138847613 0.483454478536 0.796329785642 0.930420864993
 -3.22664704813 -2.43994110858 -1.63841848357 -0.861579915091 -0.170581835763 0.388720839082 0.781885095418 1.01251225153
# log_sel_spl_fsh[1]:
 0.00000000000 0.00000000000 0.00000000000 0.00000000000
 0.00000000000 0.00000000000 0.00000000000 0.00000000000
 0.00000000000 0.00000000000 0.00000000000 0.00000000000
 0.00000000000 0.00000000000 0.00000000000 0.00000000000
# logsel_slope_fsh[1]:
 0.00000000000 0.00000000000 0.00000000000 0.00000000000
# sel50_fsh[1]:
 0.00000000000 0.00000000000 0.00000000000 0.00000000000
# logsel_p1_fsh[1]:
 0.00000000000 0.00000000000 0.00000000000 0.00000000000
# logsel_p2_fsh[1]:
 0.00000000000 0.00000000000 0.00000000000 0.00000000000
# logsel_p3_fsh[1]:
 0.00000000000 0.00000000000 0.00000000000 0.00000000000
# rec_dev_future:
 0.00000000000 0.00000000000 0.00000000000 0.00000000000 0.00000000000
# log_q_ind[1]:
0.00000000000
# log_q_power_ind[1]:
0.00000000000
# log_selcoffs_ind[1]:
 -0.567549534254 -0.802222215440 -0.770644318091 -0.505963039495 -0.126191294620 0.255941450356 0.536339689235 0.711112558410
# logsel_slope_ind[1]:
 0.00000000000
# sel50_ind[1]:
 0.00000000000
# logsel_p1_ind[1]:
 0.00000000000
# logsel_p2_ind[1]:
 0.00000000000
# logsel_p3_ind[1]:
 0.00000000000
# repl_F:
0.0288504687963
