# Number of parameters = 146 Objective function value = 505.143014187533  Maximum gradient component = 7.38398102421992e-005
# tau:
0.200000000000
# Mest:
0.199468008521
# log_Linf:
4.30945594184
# log_k:
-1.83258146375
# log_Lo:
2.89037175790
# log_sdage:
-2.40794560865
# mean_log_rec:
-2.39108014184
# steepness:
0.700000000000
# log_Rzero:
-2.66791056492
# rec_dev:
 -0.692540846312 -0.776980185823 -0.847146225976 -0.852472020027 -0.770482611668 -0.251343007175 -0.0499899265120 0.0638099359016 0.128862611003 -0.0898328468502 1.07054999048 0.468226999553 0.869524184038 0.483188625038 0.536590804637 0.470752031402 3.00750201810 -0.343002072171 -0.178241673372 1.59418457423 0.655239004030 2.00835964901 0.435663185851 0.396976646293 1.20136397052 0.550011865590 -0.0997645362057 1.19434064270 -0.482206991382 -0.115297074809 -0.215290135451 0.576529123596 -0.835073869610 -0.178365093349 -0.615773485837 -0.852037940752 -0.661105269767 0.225480471472 0.416328993193 -1.06074966934 -1.18711639261 -1.11631984052 -1.35181247983 -0.699211366960 0.190782057022 -0.297583669549 -1.21258544962 0.142856642882 -0.775039186213 0.593772876153 0.155760160986 -0.121885399651 -0.145872463258 0.539325368307 0.00538415510188 0.00140678529690
# log_sigmar:
-0.510825623766
# fmort:
 0.0215722342887 0.0344368224751 0.161700185910 0.114326687043 0.138691801265 0.101625376901 0.0826814895315 0.0779258610598 0.0454387926396 0.0471937257666 0.0715302018752 0.0209502992276 0.170526227488 0.187880470023 0.120959624321 0.153155570642 0.203145345274 0.223855042475 0.145270704361 0.117846143434 0.151862416821 0.00535667993003 0.00621443455072 0.00407070773181 0.00596672096155 0.00860742767281 0.00607570831587 0.00809490502123 0.00746102668662 0.0115747406975 0.00607952516562 0.00930919633669 0.00778830454677 0.00748023802763 0.00586042280276 0.0170444650351 0.0133825919657 0.00508878456982 0.00660744585687 0.00720606454804 0.00815472810832
# log_selcoffs_fsh[1]:
 -3.21809408041 -2.49252424288 -1.52629094546 -0.457001680905 0.0583797490388 0.422209650605 0.690168726462 0.894965139039
 -3.27020001158 -2.51430295981 -1.66622623017 -0.751869469036 0.0293421742866 0.473047068276 0.745855051182 0.907347511139
 -3.29318923257 -2.50097217046 -1.68107756613 -0.871064294377 -0.125463557500 0.483200537722 0.799901820499 0.935118385997
 -3.26626218205 -2.47138223717 -1.66141074096 -0.876390541006 -0.177991064698 0.387063106698 0.784705357623 1.01880007491
# log_sel_spl_fsh[1]:
 0.00000000000 0.00000000000 0.00000000000 0.00000000000
 0.00000000000 0.00000000000 0.00000000000 0.00000000000
 0.00000000000 0.00000000000 0.00000000000 0.00000000000
 0.00000000000 0.00000000000 0.00000000000 0.00000000000
# logsel_slope_fsh[1]:
 0.00000000000 0.00000000000 0.00000000000 0.00000000000
# sel50_fsh[1]:
 0.00000000000 0.00000000000 0.00000000000 0.00000000000
# logsel_p1_fsh[1]:
 0.00000000000 0.00000000000 0.00000000000 0.00000000000
# logsel_p2_fsh[1]:
 0.00000000000 0.00000000000 0.00000000000 0.00000000000
# logsel_p3_fsh[1]:
 0.00000000000 0.00000000000 0.00000000000 0.00000000000
# rec_dev_future:
 0.00000000000 0.00000000000 0.00000000000 0.00000000000 0.00000000000
# log_q_ind[1]:
0.00000000000
# log_q_power_ind[1]:
0.00000000000
# log_selcoffs_ind[1]:
 -0.544153401626 -0.789959674884 -0.755368733487 -0.497980620476 -0.133911888172 0.245470198990 0.529510129215 0.711586324788
# logsel_slope_ind[1]:
 0.00000000000
# sel50_ind[1]:
 0.00000000000
# logsel_p1_ind[1]:
 0.00000000000
# logsel_p2_ind[1]:
 0.00000000000
# logsel_p3_ind[1]:
 0.00000000000
# repl_F:
0.0422079301126
