# Number of parameters = 154 Objective function value = 512.754629980478  Maximum gradient component = 0.000123241289083909
# tau:
0.200000000000
# Mest:
0.205590394113
# log_Linf:
4.30945594184
# log_k:
-1.83258146375
# log_Lo:
2.89037175790
# log_sdage:
-2.40794560865
# mean_log_rec:
-2.37774049698
# steepness:
0.700000000000
# log_Rzero:
-2.75795550774
# rec_dev:
 -0.651759240068 -0.735921665850 -0.806652384335 -0.812655824294 -0.730686428114 -0.203574805628 -0.00621973311423 0.103215896952 0.164323352840 -0.0596749672974 1.10659434738 0.499668846380 0.901068004686 0.514755068287 0.564264707047 0.510538840276 2.81799089950 -0.742788378112 -0.472051584628 1.43453387649 0.483927070329 1.85293762232 0.247505294134 0.188415235171 1.04127595710 0.374871725083 -0.363007540310 1.01625330022 -0.785764120509 -0.350694644665 -0.500059805499 0.317742115313 -1.26027241154 -0.499384841556 -1.01447790498 -1.30127244623 -1.09973822812 -0.191279880193 -0.00644658457839 -1.60527597682 -1.78240933502 -1.68882915802 -2.03319624018 -1.17876027978 -0.0695731938405 -0.662137782755 -1.94358761356 -0.170019771286 -1.03075929312 0.00204455857217 0.313876799061 -0.270598911119 -0.344366127272 -0.189914431506 -0.671395431322 -1.19642866529 -0.417425080180 -0.204585874358 -0.0116314815660 -0.00418921675760
# log_sigmar:
-0.510825623766
# fmort:
 0.0219346940380 0.0348710045652 0.162946041440 0.114673832242 0.137902154273 0.100935707344 0.0822214418152 0.0771591839267 0.0448067864922 0.0465481640969 0.0706684481395 0.0206966024019 0.168449446826 0.186107680416 0.120010306118 0.152830035902 0.204274554855 0.227392875521 0.149719331286 0.123350884137 0.161385180567 0.00572504457949 0.00674046750964 0.00446229160168 0.00660944062531 0.00960937625554 0.00679785918594 0.00906833886260 0.00844760880463 0.0133561932741 0.00715695687495 0.0110897998121 0.00927668530186 0.00871629582251 0.00667817504031 0.0193142430238 0.0149339784009 0.00556455021101 0.00709172651343 0.00746141391841 0.00823519792830 0.00674564541696 0.0125316037955 0.00728456055756 0.0110069518304
# log_selcoffs_fsh[1]:
 -3.26134653594 -2.51788853962 -1.53974045072 -0.465473790967 0.0499967635493 0.415279839219 0.692929775703 0.905485267626
 -3.33317118764 -2.53891122268 -1.65933084672 -0.727301998793 0.0477419679663 0.479849830334 0.741771146051 0.895070357387
 -3.38889451979 -2.53412313348 -1.65150366049 -0.795375045077 -0.0512983320170 0.509115758487 0.777186214541 0.897960683926
 -3.39494716060 -2.54051647642 -1.63626906325 -0.726851002008 -0.00911988283168 0.457450645923 0.721748775796 0.947985706412
# log_sel_spl_fsh[1]:
 0.00000000000 0.00000000000 0.00000000000 0.00000000000
 0.00000000000 0.00000000000 0.00000000000 0.00000000000
 0.00000000000 0.00000000000 0.00000000000 0.00000000000
 0.00000000000 0.00000000000 0.00000000000 0.00000000000
# logsel_slope_fsh[1]:
 0.00000000000 0.00000000000 0.00000000000 0.00000000000
# sel50_fsh[1]:
 0.00000000000 0.00000000000 0.00000000000 0.00000000000
# logsel_p1_fsh[1]:
 0.00000000000 0.00000000000 0.00000000000 0.00000000000
# sel_p2_fsh[1]:
 0.00000000000 0.00000000000 0.00000000000 0.00000000000
# logsel_p3_fsh[1]:
 0.00000000000 0.00000000000 0.00000000000 0.00000000000
# rec_dev_future:
 0.00000000000 0.00000000000 0.00000000000 0.00000000000 0.00000000000
# log_q_ind[1]:
0.00000000000
# log_q_power_ind[1]:
0.00000000000
# log_selcoffs_ind[1]:
 -0.572222101337 -0.866281383503 -0.852062437122 -0.576110442105 -0.158361435830 0.264923526097 0.560924369406 0.750207212819
# logsel_slope_ind[1]:
 0.00000000000
# sel50_ind[1]:
 0.00000000000
# logsel_p1_ind[1]:
 0.00000000000
# sel_p2_ind[1]:
 0.00000000000
# logsel_p3_ind[1]:
 0.00000000000
# repl_F:
-0.0185375382548
