ParName   Value   Gradient
Mest      0.20559 -9.40032e-006
mean_log_rec     -2.37774 2.00057e-006
log_Rzero     -2.75796 2.85782e-007
rec_dev(1963)    -0.651759 1.87653e-006
rec_dev(1964)    -0.735922 5.39669e-006
rec_dev(1965)    -0.806652 3.34203e-006
rec_dev(1966)    -0.812656 2.83005e-006
rec_dev(1967)    -0.730686 2.90165e-006
rec_dev(1968)    -0.203575 5.01077e-006
rec_dev(1969)  -0.00621973 7.04295e-006
rec_dev(1970)     0.103216 9.46734e-006
rec_dev(1971)     0.164323 1.24558e-005
rec_dev(1972)    -0.059675 8.61648e-006
rec_dev(1973)      1.10659 3.11611e-005
rec_dev(1974)     0.499669 1.21948e-005
rec_dev(1975)     0.901068 1.88341e-005
rec_dev(1976)     0.514755 1.53042e-005
rec_dev(1977)     0.564265 8.98066e-006
rec_dev(1978)     0.510539 3.52381e-006
rec_dev(1979)      2.81799 5.53616e-005
rec_dev(1980)    -0.742788    1.69e-006
rec_dev(1981)    -0.472052 1.06057e-006
rec_dev(1982)      1.43453  6.4655e-006
rec_dev(1983)     0.483927 3.42889e-006
rec_dev(1984)      1.85294 2.26405e-005
rec_dev(1985)     0.247505 4.63456e-006
rec_dev(1986)     0.188415 5.61613e-006
rec_dev(1987)      1.04128 4.30137e-007
rec_dev(1988)     0.374872 -9.89387e-006
rec_dev(1989)    -0.363008 -8.51168e-006
rec_dev(1990)      1.01625 -4.83156e-005
rec_dev(1991)    -0.785764 -9.82787e-006
rec_dev(1992)    -0.350695 -2.55974e-005
rec_dev(1993)     -0.50006 -2.20906e-005
rec_dev(1994)     0.317742 -5.43072e-005
rec_dev(1995)     -1.26027 -1.12354e-005
rec_dev(1996)    -0.499385 -2.18531e-005
rec_dev(1997)     -1.01448 -5.61402e-006
rec_dev(1998)     -1.30127 -3.8856e-006
rec_dev(1999)     -1.09974 -1.7866e-006
rec_dev(2000)     -0.19128 -1.27149e-005
rec_dev(2001)  -0.00644658 -1.05777e-005
rec_dev(2002)     -1.60528 -2.21268e-006
rec_dev(2003)     -1.78241 -4.56753e-007
rec_dev(2004)     -1.68883 -1.60765e-007
rec_dev(2005)      -2.0332 3.49653e-007
rec_dev(2006)     -1.17876 -1.14728e-006
rec_dev(2007)   -0.0695732 5.02805e-006
rec_dev(2008)    -0.662138 8.23979e-006
rec_dev(2009)     -1.94359 3.37684e-006
rec_dev(2010)     -0.17002 5.46662e-006
rec_dev(2011)     -1.03076 -3.7793e-006
rec_dev(2012)   0.00204456 1.39347e-005
rec_dev(2013)     0.313877 1.19703e-005
rec_dev(2014)    -0.270599 2.66103e-006
rec_dev(2015)    -0.344366 2.65384e-006
rec_dev(2016)    -0.189914 -2.33261e-006
rec_dev(2017)    -0.671395 -8.73419e-007
rec_dev(2018)     -1.19643 4.97314e-007
rec_dev(2019)    -0.417425 1.02588e-006
rec_dev(2020)    -0.204586 2.85091e-006
rec_dev(2021)   -0.0116315 -2.39573e-006
rec_dev(2022)  -0.00418922 -3.32703e-007
fmort(1,1978)    0.0219347 5.67821e-005
fmort(1,1979)     0.034871 3.66226e-005
fmort(1,1980)     0.162946 4.76598e-006
fmort(1,1981)     0.114674 7.87774e-006
fmort(1,1982)     0.137902 3.82275e-006
fmort(1,1983)     0.100936 2.01961e-006
fmort(1,1984)    0.0822214 5.42743e-006
fmort(1,1985)    0.0771592 7.73951e-006
fmort(1,1986)    0.0448068 3.94901e-006
fmort(1,1987)    0.0465482 3.29089e-007
fmort(1,1988)    0.0706684 7.35648e-006
fmort(1,1989)    0.0206966 1.15639e-005
fmort(1,1990)     0.168449   4.949e-006
fmort(1,1991)     0.186108 9.52884e-006
fmort(1,1992)      0.12001 1.87992e-005
fmort(1,1993)      0.15283 1.48397e-005
fmort(1,1994)     0.204275 2.04978e-005
fmort(1,1995)     0.227393 1.64987e-005
fmort(1,1996)     0.149719 9.89015e-006
fmort(1,1997)     0.123351 4.77721e-006
fmort(1,1998)     0.161385 3.22282e-006
fmort(1,1999)   0.00572504 -0.000113649
fmort(1,2000)   0.00674047 -0.000123241
fmort(1,2001)   0.00446229 -0.000103739
fmort(1,2002)   0.00660944 -5.67417e-005
fmort(1,2003)   0.00960938 -4.10682e-005
fmort(1,2004)   0.00679786 -2.59133e-005
fmort(1,2005)   0.00906834 -8.01851e-006
fmort(1,2006)   0.00844761 -2.58702e-005
fmort(1,2007)    0.0133562 -1.85897e-005
fmort(1,2008)   0.00715696 -3.03307e-005
fmort(1,2009)    0.0110898 -2.51259e-005
fmort(1,2010)   0.00927669 -2.87125e-005
fmort(1,2011)    0.0087163 -2.38366e-005
fmort(1,2012)   0.00667818 -2.70757e-005
fmort(1,2013)    0.0193142 -3.13879e-006
fmort(1,2014)     0.014934 3.27389e-006
fmort(1,2015)   0.00556455 4.88467e-005
fmort(1,2016)   0.00709173 6.17156e-008
fmort(1,2017)   0.00746141 2.53406e-005
fmort(1,2018)    0.0082352 -5.83779e-006
fmort(1,2019)   0.00674565 3.83018e-007
fmort(1,2020)    0.0125316 2.58377e-005
fmort(1,2021)   0.00728456 1.50365e-006
fmort(1,2022)     0.011007 -4.32999e-006
log_selcoffs_fsh[1](1,1)     -3.26135 -1.6319e-009
log_selcoffs_fsh[1](1,2)     -2.51789 -1.02369e-010
log_selcoffs_fsh[1](1,3)     -1.53974 -1.80488e-008
log_selcoffs_fsh[1](1,4)    -0.465474 1.21516e-007
log_selcoffs_fsh[1](1,5)    0.0499968 2.65746e-007
log_selcoffs_fsh[1](1,6)      0.41528 4.06337e-007
log_selcoffs_fsh[1](1,7)      0.69293 4.81636e-007
log_selcoffs_fsh[1](1,8)     0.905485 -1.19769e-006
log_selcoffs_fsh[1](2,1)     -3.33317 1.82646e-008
log_selcoffs_fsh[1](2,2)     -2.53891 6.18076e-008
log_selcoffs_fsh[1](2,3)     -1.65933 2.24535e-007
log_selcoffs_fsh[1](2,4)    -0.727302  1.7971e-007
log_selcoffs_fsh[1](2,5)     0.047742 5.82087e-007
log_selcoffs_fsh[1](2,6)      0.47985 5.71799e-007
log_selcoffs_fsh[1](2,7)     0.741771 1.76652e-007
log_selcoffs_fsh[1](2,8)      0.89507 -1.88841e-006
log_selcoffs_fsh[1](3,1)     -3.38889 3.19105e-008
log_selcoffs_fsh[1](3,2)     -2.53412 -1.01628e-007
log_selcoffs_fsh[1](3,3)      -1.6515 -4.63824e-008
log_selcoffs_fsh[1](3,4)    -0.795375 9.78148e-008
log_selcoffs_fsh[1](3,5)   -0.0512983  4.9932e-008
log_selcoffs_fsh[1](3,6)     0.509116 -2.96345e-007
log_selcoffs_fsh[1](3,7)     0.777186 -4.96484e-007
log_selcoffs_fsh[1](3,8)     0.897961 8.47775e-007
log_selcoffs_fsh[1](4,1)     -3.39495  3.7439e-008
log_selcoffs_fsh[1](4,2)     -2.54052 -8.36891e-008
log_selcoffs_fsh[1](4,3)     -1.63627  5.4491e-009
log_selcoffs_fsh[1](4,4)    -0.726851 4.83497e-008
log_selcoffs_fsh[1](4,5)  -0.00911988 5.46733e-008
log_selcoffs_fsh[1](4,6)     0.457451 2.62318e-007
log_selcoffs_fsh[1](4,7)     0.721749 1.02866e-007
log_selcoffs_fsh[1](4,8)     0.947986 -4.38323e-007
rec_dev_future(2023)            0            0
rec_dev_future(2024)            0            0
rec_dev_future(2025)            0            0
rec_dev_future(2026)            0            0
rec_dev_future(2027)            0            0
log_selcoffs_ind[1](1,1)    -0.572222 -1.67901e-008
log_selcoffs_ind[1](1,2)    -0.866281 5.68105e-008
log_selcoffs_ind[1](1,3)    -0.852062 3.10906e-007
log_selcoffs_ind[1](1,4)     -0.57611 -9.01551e-008
log_selcoffs_ind[1](1,5)    -0.158361 -2.32101e-008
log_selcoffs_ind[1](1,6)     0.264924 -5.05434e-009
log_selcoffs_ind[1](1,7)     0.560924 -6.68101e-009
log_selcoffs_ind[1](1,8)     0.750207 -1.64928e-007
repl_F   -0.0185375 2.99828e-007
