# Number of parameters = 154 Objective function value = 543.832390373745  Maximum gradient component = 8.40115085994931e-005
# tau:
0.200000000000
# Mest:
0.211239263104
# log_Linf:
4.30945594184
# log_k:
-1.83258146375
# log_Lo:
2.89037175790
# log_sdage:
-2.40794560865
# mean_log_rec:
-2.15126871780
# steepness:
0.700000000000
# log_Rzero:
-2.53299742967
# rec_dev:
 -0.645511333033 -0.731591005724 -0.804821496679 -0.813862778640 -0.735041691369 -0.212997239445 -0.0278914839216 0.0945160810569 0.131560899622 -0.101007560470 1.04828617030 0.434861751333 0.825441732644 0.445939409868 0.489306529199 0.430368839644 3.04332198365 -0.336515964734 -0.174303794361 1.57917046132 0.618658744346 1.95493038895 0.394717517070 0.348491529423 1.15512421867 0.520861343730 -0.126086472273 1.16856205673 -0.496642574490 -0.126958904519 -0.220853043998 0.573719503123 -0.834476024298 -0.174600314032 -0.620003104394 -0.856611371732 -0.667287838932 0.212839956341 0.388438105261 -1.09402157761 -1.25333652820 -1.18588191973 -1.42310361111 -0.723828454153 0.292091965042 -0.252329320052 -1.27212120192 0.244196979647 -0.529104627333 0.421105547515 0.716582930298 0.160154321874 0.0781203456334 0.221136004842 -0.215009888243 -0.633896452642 -0.0194825380705 -0.00774534163619 -0.00580654242106 -0.00206515594061
# log_sigmar:
-0.510825623766
# fmort:
 0.0187315368846 0.0298952675430 0.138862291449 0.0968438808319 0.116597916454 0.0855619062168 0.0704295673218 0.0671071313223 0.0397169743192 0.0419143917634 0.0644940808373 0.0192093838849 0.159427135109 0.176513708256 0.113568556244 0.144302092146 0.192621328010 0.210058830474 0.135862917669 0.109764696151 0.140686723068 0.00494401383592 0.00581288757784 0.00383988741231 0.00567278317643 0.00822204651310 0.00580528682317 0.00774297433663 0.00720394057855 0.0113321421225 0.00604406408654 0.00930679330340 0.00775321890543 0.00729576849760 0.00561680754666 0.0162771280087 0.0125750377013 0.00468537742080 0.00598921608762 0.00633890078577 0.00702560085965 0.00576627149853 0.0107080929404 0.00621085782334 0.00935570441579
# log_selcoffs_fsh[1]:
 -3.24966075823 -2.49929045350 -1.51425536519 -0.437067789341 0.0741049123806 0.429376691834 0.687429462928 0.880188080023
 -3.31258871981 -2.52601909215 -1.65428344971 -0.730829993871 0.0411551426060 0.474483714358 0.740129111837 0.902378044358
 -3.37054283955 -2.52942702723 -1.65916330277 -0.811475301666 -0.0679289899511 0.501524862742 0.781058149075 0.909096143700
 -3.37834697188 -2.53841416679 -1.64730979288 -0.745535432407 -0.0258052860075 0.450026135462 0.724453654975 0.960642816241
# log_sel_spl_fsh[1]:
 0.00000000000 0.00000000000 0.00000000000 0.00000000000
 0.00000000000 0.00000000000 0.00000000000 0.00000000000
 0.00000000000 0.00000000000 0.00000000000 0.00000000000
 0.00000000000 0.00000000000 0.00000000000 0.00000000000
# logsel_slope_fsh[1]:
 0.00000000000 0.00000000000 0.00000000000 0.00000000000
# sel50_fsh[1]:
 0.00000000000 0.00000000000 0.00000000000 0.00000000000
# logsel_p1_fsh[1]:
 0.00000000000 0.00000000000 0.00000000000 0.00000000000
# logsel_p2_fsh[1]:
 0.00000000000 0.00000000000 0.00000000000 0.00000000000
# logsel_p3_fsh[1]:
 0.00000000000 0.00000000000 0.00000000000 0.00000000000
# rec_dev_future:
 0.00000000000 0.00000000000 0.00000000000 0.00000000000 0.00000000000
# log_q_ind[1]:
0.00000000000
# log_q_power_ind[1]:
0.00000000000
# log_selcoffs_ind[1]:
 -0.627034323052 -0.907174649423 -0.875205130376 -0.580602532889 -0.147633249222 0.273196559323 0.568309890605 0.762504670550
# logsel_slope_ind[1]:
 0.00000000000
# sel50_ind[1]:
 0.00000000000
# logsel_p1_ind[1]:
 0.00000000000
# logsel_p2_ind[1]:
 0.00000000000
# logsel_p3_ind[1]:
 0.00000000000
# repl_F:
-0.0444515770711
