# Number of parameters = 144 Objective function value = 505.093708726938  Maximum gradient component = 3.52655546505299e-005
# tau:
0.200000000000
# Mest:
0.199248156826
# log_Linf:
4.30945594184
# log_k:
-1.83258146375
# log_Lo:
2.89037175790
# log_sdage:
-2.40794560865
# mean_log_rec:
-2.39501436300
# steepness:
0.700000000000
# log_Rzero:
-2.68047364630
# rec_dev:
 -0.693047933569 -0.777425929841 -0.847538632317 -0.852829616344 -0.770759003829 -0.251540786856 -0.0501325087504 0.0638378009224 0.129077906103 -0.0894224576476 1.07130003919 0.469079769348 0.870569073076 0.484273600228 0.538024589699 0.470522932622 3.01689086491 -0.338680441439 -0.172383679587 1.60359986685 0.661761748134 2.01913392326 0.442113286931 0.404507539574 1.21109155284 0.558439752116 -0.0928961974915 1.20251232504 -0.476230743743 -0.109220829394 -0.210152688072 0.582842213196 -0.832339934313 -0.174274613626 -0.610037297519 -0.848947944100 -0.657332731294 0.231635618834 0.420832124863 -1.05492888963 -1.18317937115 -1.11032506515 -1.34869528467 -0.692135943977 0.193977214867 -0.293507826252 -1.20830398877 0.151091470360 -0.771839180535 0.602041543399 0.161562137619 -0.111927180334 -0.109776009950 0.625609600531 -2.41515252242e-010
# log_sigmar:
-0.510825623766
# fmort:
 0.0216272849885 0.0345152078401 0.162052946644 0.114582888896 0.138996436992 0.101853057550 0.0828708305449 0.0780997717938 0.0455344695176 0.0472875340448 0.0716663346799 0.0209890856804 0.170803882200 0.188237107601 0.121234440847 0.153549228859 0.203777745412 0.224707722143 0.145972904167 0.118513505395 0.152843191902 0.00539343679491 0.00625566465816 0.00409706397449 0.00600450857659 0.00866071591237 0.00611232955968 0.00814210026778 0.00750343657623 0.0116397130544 0.00611310682574 0.00935956512628 0.00782977562937 0.00751972868476 0.00589166816870 0.0171371309031 0.0134550290454 0.00511415646882 0.00663559406570 0.00723132981135
# log_selcoffs_fsh[1]:
 -3.21716760905 -2.49186219112 -1.52590752743 -0.456846299528 0.0583803315697 0.422064463955 0.690081017548 0.895015028240
 -3.26931408300 -2.51355506449 -1.66560710334 -0.751356424863 0.0296308317845 0.473154943690 0.745794648991 0.907026082819
 -3.29212835129 -2.50010152118 -1.68037670892 -0.870540457654 -0.125146658844 0.483288607301 0.799762799583 0.934893170100
 -3.26512887748 -2.47044208414 -1.66069621015 -0.875870035101 -0.177700914779 0.387139600483 0.784580369347 1.01859905217
# log_sel_spl_fsh[1]:
 0.00000000000 0.00000000000 0.00000000000 0.00000000000
 0.00000000000 0.00000000000 0.00000000000 0.00000000000
 0.00000000000 0.00000000000 0.00000000000 0.00000000000
 0.00000000000 0.00000000000 0.00000000000 0.00000000000
# logsel_slope_fsh[1]:
 0.00000000000 0.00000000000 0.00000000000 0.00000000000
# sel50_fsh[1]:
 0.00000000000 0.00000000000 0.00000000000 0.00000000000
# logsel_p1_fsh[1]:
 0.00000000000 0.00000000000 0.00000000000 0.00000000000
# logsel_p2_fsh[1]:
 0.00000000000 0.00000000000 0.00000000000 0.00000000000
# logsel_p3_fsh[1]:
 0.00000000000 0.00000000000 0.00000000000 0.00000000000
# rec_dev_future:
 0.00000000000 0.00000000000 0.00000000000 0.00000000000 0.00000000000
# log_q_ind[1]:
0.00000000000
# log_q_power_ind[1]:
0.00000000000
# log_selcoffs_ind[1]:
 -0.553872537925 -0.794305817883 -0.756140422145 -0.496836022536 -0.132281545063 0.246772646784 0.530526589298 0.712777278809
# logsel_slope_ind[1]:
 0.00000000000
# sel50_ind[1]:
 0.00000000000
# logsel_p1_ind[1]:
 0.00000000000
# logsel_p2_ind[1]:
 0.00000000000
# logsel_p3_ind[1]:
 0.00000000000
# repl_F:
0.0180895484574
