# Number of parameters = 138 Objective function value = 486.570062069671  Maximum gradient component = 0.000190555941749763
# tau:
0.200000000000
# Mest:
0.190598559869
# log_Linf:
4.30945594184
# log_k:
-1.83258146375
# log_Lo:
2.89037175790
# log_sdage:
-2.40794560865
# mean_log_rec:
-2.49570270461
# steepness:
0.700000000000
# log_Rzero:
-2.75257203104
# rec_dev:
 -0.722070702571 -0.804540375929 -0.871985099591 -0.874208904845 -0.789013499665 -0.269050301116 -0.0596947606578 0.0619501401016 0.136096276759 -0.0807623642190 1.08590689176 0.485468926154 0.890923626701 0.504727792632 0.558890796507 0.488275968127 3.01152717378 -0.342554100359 -0.180156083664 1.58975039612 0.653313424754 2.01028658666 0.440983117513 0.404879283232 1.22491763765 0.572437925229 -0.0839839989577 1.21924917016 -0.457840789522 -0.0869383541066 -0.184477713416 0.619928511359 -0.794530735877 -0.125391766858 -0.558568840108 -0.789964016374 -0.590206253396 0.307665731797 0.507202115176 -0.985076745294 -1.07470353093 -0.980154057563 -1.28171143532 -0.666343160711 0.0479214643964 -0.683094910509 -1.03984892303 0.345624047886 -0.646689303478 0.516640845587 -0.0249826806643 -0.00766928874908
# log_sigmar:
-0.510825623766
# fmort:
 0.0219433901897 0.0350100172855 0.164954221302 0.116844403655 0.142070278425 0.104194189415 0.0847674772091 0.0800309142110 0.0468027632728 0.0484353202696 0.0732109238201 0.0213935521811 0.174029014467 0.191611957431 0.122969511247 0.155145044598 0.205174602270 0.225422326824 0.145880660302 0.117780215283 0.150718684994 0.00528579798267 0.00610025690395 0.00397221498359 0.00578099487409 0.00827864398754 0.00579800184261 0.00766498922363 0.00701357973108 0.0108074510083 0.00563577681803 0.00857660266442 0.00716823077854 0.00696606408558 0.00560855220480 0.0168212853701 0.0134050935878
# log_selcoffs_fsh[1]:
 -3.15628893661 -2.44845555802 -1.49696822321 -0.438051103688 0.0701427414164 0.427502499798 0.686130672949 0.879539069524
 -3.19662277877 -2.46214448796 -1.63297190456 -0.732567802864 0.0385279696224 0.474792343219 0.741177554811 0.897092217357
 -3.20449950456 -2.43820181797 -1.64173630607 -0.850015942201 -0.116254059466 0.484696112067 0.795114979135 0.925220874826
 -3.16887562229 -2.39989583302 -1.61644140940 -0.852905635682 -0.168880654807 0.388847537094 0.780887030729 1.00764592432
# log_sel_spl_fsh[1]:
 0.00000000000 0.00000000000 0.00000000000 0.00000000000
 0.00000000000 0.00000000000 0.00000000000 0.00000000000
 0.00000000000 0.00000000000 0.00000000000 0.00000000000
 0.00000000000 0.00000000000 0.00000000000 0.00000000000
# logsel_slope_fsh[1]:
 0.00000000000 0.00000000000 0.00000000000 0.00000000000
# sel50_fsh[1]:
 0.00000000000 0.00000000000 0.00000000000 0.00000000000
# logsel_p1_fsh[1]:
 0.00000000000 0.00000000000 0.00000000000 0.00000000000
# logsel_p2_fsh[1]:
 0.00000000000 0.00000000000 0.00000000000 0.00000000000
# logsel_p3_fsh[1]:
 0.00000000000 0.00000000000 0.00000000000 0.00000000000
# rec_dev_future:
 0.00000000000 0.00000000000 0.00000000000 0.00000000000 0.00000000000
# log_q_ind[1]:
0.00000000000
# log_q_power_ind[1]:
0.00000000000
# log_selcoffs_ind[1]:
 -0.539652287130 -0.795199897539 -0.767071471474 -0.483497482657 -0.0936325651306 0.269586844771 0.518838290966 0.685341178794
# logsel_slope_ind[1]:
 0.00000000000
# sel50_ind[1]:
 0.00000000000
# logsel_p1_ind[1]:
 0.00000000000
# logsel_p2_ind[1]:
 0.00000000000
# logsel_p3_ind[1]:
 0.00000000000
# repl_F:
-0.0295255411928
