# Number of parameters = 148 Objective function value = 549.407568459419  Maximum gradient component = 8.95106327149211e-005
# tau:
0.200000000000
# Mest:
0.204853987611
# log_Linf:
4.30945594184
# log_k:
-1.83258146375
# log_Lo:
2.89037175790
# log_sdage:
-2.40794560865
# mean_log_rec:
-2.31862260749
# steepness:
0.700000000000
# log_Rzero:
-2.60867057624
# rec_dev:
 -0.672808721569 -0.758197968595 -0.829815376080 -0.836793098507 -0.756492928960 -0.237010847196 -0.0401478403875 0.0690185206196 0.129051007362 -0.0938385366797 1.06075339319 0.455050355440 0.852387356327 0.465494854142 0.516083110318 0.454467410079 2.99592635159 -0.347221550647 -0.188234819680 1.57793817573 0.640222816036 1.98750833162 0.426785558036 0.385403139251 1.18072166327 0.535915810310 -0.116717442731 1.17255671942 -0.500341208215 -0.134312607883 -0.232169614812 0.558489290952 -0.856211483574 -0.194325139879 -0.633332540697 -0.867300918169 -0.672038287640 0.211326855291 0.392102215382 -1.09106375599 -1.24652785956 -1.17825070992 -1.41089529882 -0.707858430744 0.316776673891 -0.225611041946 -1.24758941543 0.281859591962 -0.489618111247 0.468085647269 0.777045045710 0.216789502425 0.143108994169 0.281961239655 -0.126902197142 -0.595613249243 2.27305463341e-009
# log_sigmar:
-0.510825623766
# fmort:
 0.0210332307419 0.0336209961628 0.157641362648 0.111264645412 0.134753597041 0.0988313770637 0.0806672356799 0.0762670012498 0.0446073965623 0.0464490998238 0.0706209354537 0.0207518443709 0.169107707229 0.186695357836 0.120308151672 0.152575051216 0.202593158042 0.223468791655 0.145726276018 0.118493818529 0.152450875816 0.00535359272945 0.00625047353897 0.00410581937648 0.00603195256978 0.00869888730061 0.00611105804393 0.00811020797658 0.00751028904816 0.0117674151974 0.00624812132051 0.00957528127134 0.00794000298793 0.00743816234905 0.00570107327934 0.0164522869032 0.0126560493923 0.00469203595803 0.00596479153209 0.00627701703383 0.00691413257230 0.00564172951708
# log_selcoffs_fsh[1]:
 -3.25596761927 -2.51079633264 -1.53108626263 -0.456294198995 0.0601499359014 0.423217765123 0.690508069284 0.894753942720
 -3.32564562595 -2.53776670834 -1.66341659388 -0.735119488324 0.0428324249139 0.478724446381 0.742754011277 0.898768659401
 -3.38104779181 -2.53703728670 -1.66345269472 -0.812108922067 -0.0656626957220 0.504506486720 0.781927114861 0.906316491475
 -3.38712878775 -2.54350568493 -1.64895555381 -0.744698878131 -0.0237372802697 0.451675950305 0.724867670866 0.958788067940
# log_sel_spl_fsh[1]:
 0.00000000000 0.00000000000 0.00000000000 0.00000000000
 0.00000000000 0.00000000000 0.00000000000 0.00000000000
 0.00000000000 0.00000000000 0.00000000000 0.00000000000
 0.00000000000 0.00000000000 0.00000000000 0.00000000000
# logsel_slope_fsh[1]:
 0.00000000000 0.00000000000 0.00000000000 0.00000000000
# sel50_fsh[1]:
 0.00000000000 0.00000000000 0.00000000000 0.00000000000
# logsel_p1_fsh[1]:
 0.00000000000 0.00000000000 0.00000000000 0.00000000000
# logsel_p2_fsh[1]:
 0.00000000000 0.00000000000 0.00000000000 0.00000000000
# logsel_p3_fsh[1]:
 0.00000000000 0.00000000000 0.00000000000 0.00000000000
# rec_dev_future:
 0.00000000000 0.00000000000 0.00000000000 0.00000000000 0.00000000000
# log_q_ind[1]:
0.00000000000
# log_q_power_ind[1]:
0.00000000000
# log_selcoffs_ind[1]:
 -0.603573778806 -0.895946503437 -0.875249240668 -0.591441598440 -0.166218965498 0.264242949252 0.569471404344 0.769182015557
# logsel_slope_ind[1]:
 0.00000000000
# sel50_ind[1]:
 0.00000000000
# logsel_p1_ind[1]:
 0.00000000000
# logsel_p2_ind[1]:
 0.00000000000
# logsel_p3_ind[1]:
 0.00000000000
# repl_F:
0.0105401718220
