ParName   Value   Gradient
Mest     0.204854 8.95106e-005
mean_log_rec     -2.31862 8.19747e-007
log_Rzero     -2.60867 -7.17552e-006
rec_dev(1963)    -0.672809 7.78771e-008
rec_dev(1964)    -0.758198 1.51282e-006
rec_dev(1965)    -0.829815 7.28351e-007
rec_dev(1966)    -0.836793 6.61031e-007
rec_dev(1967)    -0.756493  1.4948e-006
rec_dev(1968)    -0.237011 -4.05751e-006
rec_dev(1969)   -0.0401478 3.64206e-006
rec_dev(1970)    0.0690185 2.24111e-006
rec_dev(1971)     0.129051 4.04417e-006
rec_dev(1972)   -0.0938385 1.21627e-006
rec_dev(1973)      1.06075 -4.39375e-006
rec_dev(1974)      0.45505 5.73576e-006
rec_dev(1975)     0.852387 7.89161e-006
rec_dev(1976)     0.465495 2.06962e-006
rec_dev(1977)     0.516083 1.20439e-006
rec_dev(1978)     0.454467 -7.48697e-006
rec_dev(1979)      2.99593 -2.83283e-005
rec_dev(1980)    -0.347222 -5.73937e-006
rec_dev(1981)    -0.188235 1.05258e-006
rec_dev(1982)      1.57794 -1.55924e-005
rec_dev(1983)     0.640223 -5.75456e-006
rec_dev(1984)      1.98751 -1.9605e-005
rec_dev(1985)     0.426786 -2.29381e-007
rec_dev(1986)     0.385403 -5.40341e-006
rec_dev(1987)      1.18072 4.39881e-006
rec_dev(1988)     0.535916 1.46661e-006
rec_dev(1989)    -0.116717 -6.33442e-007
rec_dev(1990)      1.17256 -2.24299e-006
rec_dev(1991)    -0.500341 7.78622e-008
rec_dev(1992)    -0.134313 -3.57928e-006
rec_dev(1993)     -0.23217 -6.08505e-006
rec_dev(1994)     0.558489 -2.01037e-005
rec_dev(1995)    -0.856211 -7.57032e-006
rec_dev(1996)    -0.194325 -1.76507e-005
rec_dev(1997)    -0.633333 -3.7002e-006
rec_dev(1998)    -0.867301 -3.56072e-006
rec_dev(1999)    -0.672038 -3.92055e-006
rec_dev(2000)     0.211327 -7.89241e-006
rec_dev(2001)     0.392102 -1.87996e-005
rec_dev(2002)     -1.09106 -3.86007e-006
rec_dev(2003)     -1.24653 -3.64856e-006
rec_dev(2004)     -1.17825 -2.09975e-006
rec_dev(2005)      -1.4109 -5.30154e-007
rec_dev(2006)    -0.707858 -2.97267e-006
rec_dev(2007)     0.316777 -4.44501e-006
rec_dev(2008)    -0.225611 -4.32988e-006
rec_dev(2009)     -1.24759 -2.40366e-006
rec_dev(2010)      0.28186 -2.11533e-006
rec_dev(2011)    -0.489618 -5.42414e-006
rec_dev(2012)     0.468086 -3.61494e-006
rec_dev(2013)     0.777045 9.11982e-006
rec_dev(2014)      0.21679 5.32336e-006
rec_dev(2015)     0.143109 2.29188e-006
rec_dev(2016)     0.281961 -4.46148e-006
rec_dev(2017)    -0.126902 1.10933e-006
rec_dev(2018)    -0.595613 2.21884e-006
rec_dev(2019) 2.27305e-009 2.93284e-007
fmort(1,1978)    0.0210332 -4.29404e-005
fmort(1,1979)     0.033621 1.62793e-005
fmort(1,1980)     0.157641 1.10976e-005
fmort(1,1981)     0.111265 4.50504e-005
fmort(1,1982)     0.134754 5.77254e-006
fmort(1,1983)    0.0988314  -2.066e-005
fmort(1,1984)    0.0806672 -2.94842e-005
fmort(1,1985)     0.076267 3.19808e-005
fmort(1,1986)    0.0446074 -3.19735e-005
fmort(1,1987)    0.0464491 -1.9016e-005
fmort(1,1988)    0.0706209 -2.55744e-006
fmort(1,1989)    0.0207518 -9.04428e-006
fmort(1,1990)     0.169108 -9.27365e-006
fmort(1,1991)     0.186695 6.31148e-008
fmort(1,1992)     0.120308 -6.13633e-006
fmort(1,1993)     0.152575 -3.87544e-006
fmort(1,1994)     0.202593 -4.2155e-006
fmort(1,1995)     0.223469 6.85343e-006
fmort(1,1996)     0.145726 4.20351e-006
fmort(1,1997)     0.118494 6.31343e-006
fmort(1,1998)     0.152451 1.47606e-005
fmort(1,1999)   0.00535359 -1.76087e-005
fmort(1,2000)   0.00625047 -3.89921e-005
fmort(1,2001)   0.00410582 -5.4576e-005
fmort(1,2002)   0.00603195 -5.43691e-005
fmort(1,2003)   0.00869889 -2.42591e-005
fmort(1,2004)   0.00611106 8.05132e-006
fmort(1,2005)   0.00811021 -2.55191e-005
fmort(1,2006)   0.00751029 -2.42204e-005
fmort(1,2007)    0.0117674 -1.28678e-005
fmort(1,2008)   0.00624812 -6.36495e-005
fmort(1,2009)   0.00957528 -4.44218e-006
fmort(1,2010)      0.00794 1.11524e-006
fmort(1,2011)   0.00743816 -3.04149e-006
fmort(1,2012)   0.00570107 -1.87143e-005
fmort(1,2013)    0.0164523 -2.46325e-005
fmort(1,2014)     0.012656 -8.76351e-006
fmort(1,2015)   0.00469204 -5.00333e-006
fmort(1,2016)   0.00596479 -2.92832e-005
fmort(1,2017)   0.00627702  1.6362e-006
fmort(1,2018)   0.00691413 -1.06578e-005
fmort(1,2019)   0.00564173 -5.91288e-006
log_selcoffs_fsh[1](1,1)     -3.25597 -8.10456e-009
log_selcoffs_fsh[1](1,2)      -2.5108 1.07382e-007
log_selcoffs_fsh[1](1,3)     -1.53109 1.23005e-007
log_selcoffs_fsh[1](1,4)    -0.456294 4.23258e-007
log_selcoffs_fsh[1](1,5)    0.0601499 -9.20524e-007
log_selcoffs_fsh[1](1,6)     0.423218 3.08669e-007
log_selcoffs_fsh[1](1,7)     0.690508 -5.45477e-007
log_selcoffs_fsh[1](1,8)     0.894754 3.72581e-007
log_selcoffs_fsh[1](2,1)     -3.32565 4.30045e-008
log_selcoffs_fsh[1](2,2)     -2.53777 9.39404e-008
log_selcoffs_fsh[1](2,3)     -1.66342 1.35206e-008
log_selcoffs_fsh[1](2,4)    -0.735119 -1.34889e-007
log_selcoffs_fsh[1](2,5)    0.0428324 -5.23741e-008
log_selcoffs_fsh[1](2,6)     0.478724 -2.45974e-007
log_selcoffs_fsh[1](2,7)     0.742754 1.60721e-007
log_selcoffs_fsh[1](2,8)     0.898769 2.32808e-007
log_selcoffs_fsh[1](3,1)     -3.38105 -1.18796e-007
log_selcoffs_fsh[1](3,2)     -2.53704 -3.13564e-008
log_selcoffs_fsh[1](3,3)     -1.66345 7.37814e-008
log_selcoffs_fsh[1](3,4)    -0.812109 -7.75672e-008
log_selcoffs_fsh[1](3,5)   -0.0656627 -8.62457e-009
log_selcoffs_fsh[1](3,6)     0.504506 -3.53436e-007
log_selcoffs_fsh[1](3,7)     0.781927  6.6936e-008
log_selcoffs_fsh[1](3,8)     0.906316 3.18467e-007
log_selcoffs_fsh[1](4,1)     -3.38713 -3.5456e-008
log_selcoffs_fsh[1](4,2)     -2.54351 -1.08805e-007
log_selcoffs_fsh[1](4,3)     -1.64896 2.14563e-007
log_selcoffs_fsh[1](4,4)    -0.744699 -1.26841e-008
log_selcoffs_fsh[1](4,5)   -0.0237373 1.33359e-007
log_selcoffs_fsh[1](4,6)     0.451676 -1.50389e-007
log_selcoffs_fsh[1](4,7)     0.724868 7.68405e-009
log_selcoffs_fsh[1](4,8)     0.958788 -5.40296e-008
rec_dev_future(2020)            0            0
rec_dev_future(2021)            0            0
rec_dev_future(2022)            0            0
rec_dev_future(2023)            0            0
rec_dev_future(2024)            0            0
log_selcoffs_ind[1](1,1)    -0.603574 -1.0139e-008
log_selcoffs_ind[1](1,2)    -0.895947  5.2922e-008
log_selcoffs_ind[1](1,3)    -0.875249 -6.76972e-008
log_selcoffs_ind[1](1,4)    -0.591442 1.34352e-007
log_selcoffs_ind[1](1,5)    -0.166219 -7.11526e-008
log_selcoffs_ind[1](1,6)     0.264243 2.06171e-007
log_selcoffs_ind[1](1,7)     0.569471 2.77739e-007
log_selcoffs_ind[1](1,8)     0.769182 -5.0929e-007
repl_F    0.0105402 4.68904e-007
