# Number of parameters = 134 Objective function value = 466.717036783594  Maximum gradient component = 5.47766771163865e-005
# tau:
0.200000000000
# Mest:
0.188099461488
# log_Linf:
4.30945594184
# log_k:
-1.83258146375
# log_Lo:
2.89037175790
# log_sdage:
-2.40794560865
# mean_log_rec:
-2.51886877256
# steepness:
0.700000000000
# log_Rzero:
-2.72228804309
# rec_dev:
 -0.731625201284 -0.813574339825 -0.880194267907 -0.881344070960 -0.795263075033 -0.275422670797 -0.0629905684216 0.0610188847529 0.137945020921 -0.0792674453144 1.08815697698 0.487980943369 0.894321454102 0.507936549536 0.560749957544 0.496978383684 2.96441950145 -0.364557630072 -0.211549092024 1.53927069679 0.618302091217 1.95604039346 0.411379884493 0.372667408882 1.18348993094 0.541465382064 -0.109030523557 1.18587583512 -0.477404086453 -0.107093450791 -0.199065129357 0.625976776399 -0.794487145411 -0.115420837695 -0.524536724963 -0.770708208318 -0.591271689142 0.307362085948 0.452341588193 -0.993963703735 -1.09982631722 -0.868068107579 -1.17331447128 -0.627344521806 -0.198481910945 -0.539623930612 -0.770438377028 0.669052229099 -0.0121227892106 -0.00360818874507
# log_sigmar:
-0.510825623766
# fmort:
 0.0218004070684 0.0348350513636 0.164489602786 0.116599451453 0.141943160532 0.104083423137 0.0846371213814 0.0799944681760 0.0468787898773 0.0484669070758 0.0731944721055 0.0213698616098 0.173906653986 0.191203338121 0.122249822276 0.153726682559 0.202468870188 0.221061245001 0.142137708107 0.114037130418 0.144548671800 0.00502528001906 0.00578560848902 0.00376507633397 0.00546168633863 0.00781051874406 0.00547079444082 0.00724826606868 0.00666444423593 0.0103182055091 0.00538119887950 0.00815092132652 0.00677239151340 0.00657174616395 0.00532013635701
# log_selcoffs_fsh[1]:
 -3.14157523992 -2.43755330221 -1.48889271911 -0.431746071136 0.0750372261473 0.430860617419 0.685250840208 0.872815006072
 -3.17938103169 -2.45190890200 -1.62792100470 -0.729774419715 0.0404240508146 0.476752611202 0.740919770986 0.893616913224
 -3.18646739660 -2.43124591594 -1.64295940737 -0.853112728078 -0.114235639213 0.493003413328 0.799153141362 0.915622888786
 -3.14649967657 -2.38462354111 -1.61140986083 -0.854032894991 -0.169822087510 0.392113447249 0.782669815252 1.00369652051
# log_sel_spl_fsh[1]:
 0.00000000000 0.00000000000 0.00000000000 0.00000000000
 0.00000000000 0.00000000000 0.00000000000 0.00000000000
 0.00000000000 0.00000000000 0.00000000000 0.00000000000
 0.00000000000 0.00000000000 0.00000000000 0.00000000000
# logsel_slope_fsh[1]:
 0.00000000000 0.00000000000 0.00000000000 0.00000000000
# sel50_fsh[1]:
 0.00000000000 0.00000000000 0.00000000000 0.00000000000
# logsel_p1_fsh[1]:
 0.00000000000 0.00000000000 0.00000000000 0.00000000000
# logsel_p2_fsh[1]:
 0.00000000000 0.00000000000 0.00000000000 0.00000000000
# logsel_p3_fsh[1]:
 0.00000000000 0.00000000000 0.00000000000 0.00000000000
# rec_dev_future:
 0.00000000000 0.00000000000 0.00000000000 0.00000000000 0.00000000000
# log_q_ind[1]:
0.00000000000
# log_q_power_ind[1]:
0.00000000000
# log_selcoffs_ind[1]:
 -0.626810695992 -0.783665000167 -0.698228532541 -0.415444536212 -0.0615998670704 0.263522852474 0.501624626954 0.672075326131
# logsel_slope_ind[1]:
 0.00000000000
# sel50_ind[1]:
 0.00000000000
# logsel_p1_ind[1]:
 0.00000000000
# logsel_p2_ind[1]:
 0.00000000000
# logsel_p3_ind[1]:
 0.00000000000
# repl_F:
0.0213840120597
