# Number of parameters = 150 Objective function value = 549.242479115461  Maximum gradient component = 7.15500718401144e-005
# tau:
0.200000000000
# Mest:
0.204657135449
# log_Linf:
4.30945594184
# log_k:
-1.83258146375
# log_Lo:
2.89037175790
# log_sdage:
-2.40794560865
# mean_log_rec:
-2.32136269209
# steepness:
0.700000000000
# log_Rzero:
-2.61152301494
# rec_dev:
 -0.673472271700 -0.758824493759 -0.830387795303 -0.837304952458 -0.756938866046 -0.237450219908 -0.0404270389860 0.0689089704230 0.129131927187 -0.0936505766986 1.06112520356 0.455497918860 0.852951897324 0.466079461044 0.516732870545 0.454933500858 2.99672192246 -0.346921207054 -0.187819469452 1.57872304839 0.640758686083 1.98844566830 0.427363841559 0.386128949975 1.18163536268 0.536776786534 -0.116032804175 1.17348237632 -0.499649589921 -0.133577421573 -0.231488498963 0.560121866466 -0.855846550342 -0.193187737412 -0.630895638092 -0.866150533339 -0.670498513535 0.214432920311 0.394424799863 -1.08773905831 -1.24413719156 -1.17462731803 -1.40861460455 -0.703111341554 0.320291426580 -0.221480921446 -1.24421141032 0.288635618911 -0.484727666032 0.476154272361 0.784405178453 0.225670731003 0.150517709114 0.292462819694 -0.154822367646 -0.462887900037 2.05200691994e-008 3.65269059444e-009
# log_sigmar:
-0.510825623766
# fmort:
 0.0210536746990 0.0336526854558 0.157799879349 0.111384578979 0.134903913754 0.0989423833428 0.0807563583390 0.0763495969815 0.0446544316171 0.0464941464452 0.0706845004407 0.0207690952978 0.169244716889 0.186860190755 0.120421056231 0.152722784917 0.202807793809 0.223719260216 0.145910767263 0.118647013676 0.152639523662 0.00535969845707 0.00625595636861 0.00410837215103 0.00603438586545 0.00870025860971 0.00611052280292 0.00810733766409 0.00750566311918 0.0117569651817 0.00624089453060 0.00956194067736 0.00792708234619 0.00742430045289 0.00568916735714 0.0164120592987 0.0126190627786 0.00467574560935 0.00594042102734 0.00624721216253 0.00687719832860 0.00560839254746 0.0103517055729
# log_selcoffs_fsh[1]:
 -3.25539308861 -2.51031876768 -1.53072602735 -0.456054489422 0.0602761606599 0.423246853442 0.690447980600 0.894611109789
 -3.32510357028 -2.53735102372 -1.66313133572 -0.734945320776 0.0428735798053 0.478723945049 0.742726177754 0.898697971671
 -3.38044785925 -2.53656028509 -1.66315869250 -0.812017726475 -0.0657276760629 0.504385389933 0.781858210474 0.906420612590
 -3.38649866988 -2.54280987876 -1.64862075157 -0.744686017338 -0.0239675823257 0.451407169231 0.724775882046 0.959052611015
# log_sel_spl_fsh[1]:
 0.00000000000 0.00000000000 0.00000000000 0.00000000000
 0.00000000000 0.00000000000 0.00000000000 0.00000000000
 0.00000000000 0.00000000000 0.00000000000 0.00000000000
 0.00000000000 0.00000000000 0.00000000000 0.00000000000
# logsel_slope_fsh[1]:
 0.00000000000 0.00000000000 0.00000000000 0.00000000000
# sel50_fsh[1]:
 0.00000000000 0.00000000000 0.00000000000 0.00000000000
# logsel_p1_fsh[1]:
 0.00000000000 0.00000000000 0.00000000000 0.00000000000
# logsel_p2_fsh[1]:
 0.00000000000 0.00000000000 0.00000000000 0.00000000000
# logsel_p3_fsh[1]:
 0.00000000000 0.00000000000 0.00000000000 0.00000000000
# rec_dev_future:
 0.00000000000 0.00000000000 0.00000000000 0.00000000000 0.00000000000
# log_q_ind[1]:
0.00000000000
# log_q_power_ind[1]:
0.00000000000
# log_selcoffs_ind[1]:
 -0.609554586171 -0.898085633511 -0.875583658489 -0.591113299323 -0.165718250724 0.264912536382 0.570147681344 0.769922520607
# logsel_slope_ind[1]:
 0.00000000000
# sel50_ind[1]:
 0.00000000000
# logsel_p1_ind[1]:
 0.00000000000
# logsel_p2_ind[1]:
 0.00000000000
# logsel_p3_ind[1]:
 0.00000000000
# repl_F:
-0.0612621746046
