# Number of parameters = 152 Objective function value = 548.336163141786  Maximum gradient component = 0.000146463080975354
# tau:
0.200000000000
# Mest:
0.204918798406
# log_Linf:
4.30945594184
# log_k:
-1.83258146375
# log_Lo:
2.89037175790
# log_sdage:
-2.40794560865
# mean_log_rec:
-2.31761668195
# steepness:
0.700000000000
# log_Rzero:
-2.60777148943
# rec_dev:
 -0.672573323013 -0.757973544260 -0.829607929596 -0.836605054459 -0.756325239358 -0.236839138780 -0.0400286402786 0.0690826002523 0.129055685804 -0.0938894555372 1.06063282739 0.454894103879 0.852178335497 0.465271056276 0.515807386653 0.454288324173 2.99573027310 -0.347411451210 -0.188403412699 1.57769174643 0.640087707259 1.98717855630 0.426600888650 0.385158196533 1.18046349710 0.535678311283 -0.116970375553 1.17227640909 -0.500634913827 -0.134630125030 -0.232551179918 0.558051375757 -0.856577144277 -0.194844304335 -0.633949630003 -0.867895396947 -0.672768146716 0.210444743108 0.391182984763 -1.09204416893 -1.24755978854 -1.17939918007 -1.41203072908 -0.709219749719 0.315384841252 -0.227136686051 -1.24905785853 0.279869642690 -0.491583756802 0.465739246565 0.774364025365 0.214227816992 0.140375806201 0.279313865123 -0.162669611130 -0.595629029723 4.87812297223e-008 -6.68104291890e-008 2.10020978386e-009
# log_sigmar:
-0.510825623766
# fmort:
 0.0210237928921 0.0336059069251 0.157567135729 0.111208066923 0.134684598277 0.0987824385812 0.0806287489708 0.0762326235831 0.0445891954265 0.0464318466428 0.0705972589286 0.0207456580747 0.169062224064 0.186641851450 0.120271532557 0.152527703564 0.202525820780 0.223391351056 0.145672449265 0.118451342660 0.152400861760 0.00535213401981 0.00624931453325 0.00410539618642 0.00603177267416 0.00869929804677 0.00611184974905 0.00811201269546 0.00751266241890 0.0117721838103 0.00625117637957 0.00958067629806 0.00794512539422 0.00744367848017 0.00570590978522 0.0164682661495 0.0126700811617 0.00469796614578 0.00597343035528 0.00628760637093 0.00692746131412 0.00565417567406 0.0104456616507 0.00603327896019
# log_selcoffs_fsh[1]:
 -3.25557460471 -2.51061402964 -1.53104029424 -0.456300849389 0.0601405506204 0.423222609004 0.690513595685 0.894735906087
 -3.32501517161 -2.53736541158 -1.66321190597 -0.735046875733 0.0428386921048 0.478705443738 0.742729835584 0.898747017746
 -3.38012773890 -2.53636608097 -1.66305493109 -0.811939633949 -0.0656276751034 0.504489898694 0.781890388530 0.906251859816
 -3.38588564797 -2.54242719699 -1.64834566214 -0.744458844342 -0.0236913109514 0.451646879278 0.724798561366 0.958705751108
# log_sel_spl_fsh[1]:
 0.00000000000 0.00000000000 0.00000000000 0.00000000000
 0.00000000000 0.00000000000 0.00000000000 0.00000000000
 0.00000000000 0.00000000000 0.00000000000 0.00000000000
 0.00000000000 0.00000000000 0.00000000000 0.00000000000
# logsel_slope_fsh[1]:
 0.00000000000 0.00000000000 0.00000000000 0.00000000000
# sel50_fsh[1]:
 0.00000000000 0.00000000000 0.00000000000 0.00000000000
# logsel_p1_fsh[1]:
 0.00000000000 0.00000000000 0.00000000000 0.00000000000
# logsel_p2_fsh[1]:
 0.00000000000 0.00000000000 0.00000000000 0.00000000000
# logsel_p3_fsh[1]:
 0.00000000000 0.00000000000 0.00000000000 0.00000000000
# rec_dev_future:
 0.00000000000 0.00000000000 0.00000000000 0.00000000000 0.00000000000
# log_q_ind[1]:
0.00000000000
# log_q_power_ind[1]:
0.00000000000
# log_selcoffs_ind[1]:
 -0.602904119392 -0.894960224288 -0.874550034919 -0.591138192119 -0.166217723038 0.264063797254 0.569230846128 0.768917233203
# logsel_slope_ind[1]:
 0.00000000000
# sel50_ind[1]:
 0.00000000000
# logsel_p1_ind[1]:
 0.00000000000
# logsel_p2_ind[1]:
 0.00000000000
# logsel_p3_ind[1]:
 0.00000000000
# repl_F:
-0.0919434297675
