# Number of parameters = 154 Objective function value = 559.530131031853  Maximum gradient component = 0.000356894290854373
# tau:
0.200000000000
# Mest:
0.0480885237873
# Mage_offset:
 1.94591014906 1.70474809224 1.09861228867
# log_Linf:
4.30945594184
# log_k:
-1.83258146375
# log_Lo:
2.89037175790
# log_sdage:
-2.40794560865
# mean_log_rec:
-1.64409964489
# steepness:
0.700000000000
# log_Rzero:
-2.22026111000
# rec_dev:
 -0.610548286557 -0.666716103861 -0.716672756788 -0.709799148540 -0.625792060418 -0.0880575241181 0.0979502702621 0.167064062426 0.180121301242 -0.0695770511787 1.06071122292 0.433475388666 0.810173848060 0.412126821739 0.455022152086 0.397030994035 2.68690059135 -0.917960141018 -0.628940043971 1.30999289305 0.346218792820 1.73675950974 0.0857377942828 0.0286141973750 0.801531107160 0.148535774711 -0.594644396457 0.787554706559 -1.01458878573 -0.563274091475 -0.702583145221 0.162379337463 -1.40447149502 -0.631172430339 -1.15436852782 -1.45548732910 -1.29313998148 -0.380047200273 -0.199935526780 -1.78758968467 -1.96884408174 -1.87800535529 -2.22480486576 -1.37408917349 -0.254925227558 -0.848896301246 -2.14540035682 -0.391022935162 -1.25574151828 -0.230938161562 0.0890106316091 -0.491737963932 -0.566139081252 -0.415682568298 -0.890518614028 -1.41476896583 -0.606679769639 -0.301814691552 -0.0126909971485 -0.00458929986266
# log_sigmar:
-0.510825623766
# fmort:
 0.0178620276853 0.0287249331669 0.133749607168 0.0940113373046 0.113607322896 0.0834993073718 0.0682544271180 0.0640355402450 0.0373869539799 0.0401456252784 0.0622085306159 0.0184856322532 0.152797212405 0.168895116003 0.111217782475 0.143500122647 0.192395471778 0.214646121175 0.141110944957 0.115871224852 0.151719176566 0.00539199577700 0.00634607550658 0.00420822456621 0.00633962397560 0.00933371076282 0.00670477862086 0.00903117776013 0.00844449710556 0.0133334489444 0.00720621997531 0.0113655504032 0.00961320734122 0.00903991425996 0.00686962384961 0.0195888062580 0.0149931902420 0.00561562440284 0.00719407417008 0.00757475431031 0.00840262365536 0.00688088644087 0.0128580260668 0.00757097659976 0.0115469297895
# log_selcoffs_fsh[1]:
 -3.56669343405 -2.75110434796 -1.70783728530 -0.579424849106 -0.0187388996815 0.389760719113 0.716986501724 0.978364195404
 -3.64154681562 -2.78891461368 -1.85355560573 -0.868569899146 -0.0441988514907 0.445273425402 0.767448101654 0.979876679970
 -3.69770341503 -2.78888355396 -1.85418099296 -0.948247837576 -0.154052076281 0.462451923710 0.800032865240 0.992853607231
 -3.70687135155 -2.80255928010 -1.84826301383 -0.889095073784 -0.118659729613 0.410395785534 0.749369999789 1.04206386744
# log_sel_spl_fsh[1]:
 0.00000000000 0.00000000000 0.00000000000 0.00000000000
 0.00000000000 0.00000000000 0.00000000000 0.00000000000
 0.00000000000 0.00000000000 0.00000000000 0.00000000000
 0.00000000000 0.00000000000 0.00000000000 0.00000000000
# logsel_slope_fsh[1]:
 0.00000000000 0.00000000000 0.00000000000 0.00000000000
# sel50_fsh[1]:
 0.00000000000 0.00000000000 0.00000000000 0.00000000000
# logsel_p1_fsh[1]:
 0.00000000000 0.00000000000 0.00000000000 0.00000000000
# sel_p2_fsh[1]:
 0.00000000000 0.00000000000 0.00000000000 0.00000000000
# logsel_p3_fsh[1]:
 0.00000000000 0.00000000000 0.00000000000 0.00000000000
# rec_dev_future:
 0.00000000000 0.00000000000 0.00000000000 0.00000000000 0.00000000000
# log_q_ind[1]:
0.00000000000
# log_q_power_ind[1]:
0.00000000000
# log_selcoffs_ind[1]:
 -0.869205617959 -1.10776474201 -1.03968315805 -0.710010537471 -0.234418808119 0.255259187421 0.630485593341 0.893989587374
# logsel_slope_ind[1]:
 0.00000000000
# sel50_ind[1]:
 0.00000000000
# logsel_p1_ind[1]:
 0.00000000000
# sel_p2_ind[1]:
 0.00000000000
# logsel_p3_ind[1]:
 0.00000000000
# repl_F:
0.00124107235762
