ParName   Value   Gradient
Mest    0.0480885 -0.000356894
mean_log_rec      -1.6441 1.21165e-005
log_Rzero     -2.22026 3.73651e-007
rec_dev(1963)    -0.610548 -1.54775e-006
rec_dev(1964)    -0.666716 -1.1273e-006
rec_dev(1965)    -0.716673 -2.95471e-006
rec_dev(1966)    -0.709799 -1.5713e-006
rec_dev(1967)    -0.625792 -2.74776e-006
rec_dev(1968)   -0.0880575 -2.34989e-006
rec_dev(1969)    0.0979503 -4.65039e-006
rec_dev(1970)     0.167064 -3.6828e-006
rec_dev(1971)     0.180121 -6.92411e-006
rec_dev(1972)   -0.0695771 -1.32245e-006
rec_dev(1973)      1.06071 -7.83105e-006
rec_dev(1974)     0.433475 -5.51107e-006
rec_dev(1975)     0.810174 -7.27454e-006
rec_dev(1976)     0.412127 -5.33408e-006
rec_dev(1977)     0.455022 -4.89328e-006
rec_dev(1978)     0.397031 -4.40922e-007
rec_dev(1979)       2.6869 1.60457e-005
rec_dev(1980)     -0.91796 9.94326e-007
rec_dev(1981)     -0.62894 3.59433e-006
rec_dev(1982)      1.30999 1.66826e-005
rec_dev(1983)     0.346219 2.80617e-006
rec_dev(1984)      1.73676 3.88291e-005
rec_dev(1985)    0.0857378 1.05347e-005
rec_dev(1986)    0.0286142  2.7383e-006
rec_dev(1987)     0.801531 1.98956e-005
rec_dev(1988)     0.148536 5.76457e-006
rec_dev(1989)    -0.594644 5.82638e-006
rec_dev(1990)     0.787555 9.11711e-006
rec_dev(1991)     -1.01459 3.27303e-006
rec_dev(1992)    -0.563274 7.25526e-006
rec_dev(1993)    -0.702583 4.96719e-006
rec_dev(1994)     0.162379 7.07269e-006
rec_dev(1995)     -1.40447 4.06661e-006
rec_dev(1996)    -0.631172 1.33342e-005
rec_dev(1997)     -1.15437 6.49459e-006
rec_dev(1998)     -1.45549 5.52933e-006
rec_dev(1999)     -1.29314 3.89617e-006
rec_dev(2000)    -0.380047 1.40814e-005
rec_dev(2001)    -0.199936 2.35526e-005
rec_dev(2002)     -1.78759  5.2351e-006
rec_dev(2003)     -1.96884 4.73011e-006
rec_dev(2004)     -1.87801 3.45993e-006
rec_dev(2005)      -2.2248 8.73437e-007
rec_dev(2006)     -1.37409 6.16904e-006
rec_dev(2007)    -0.254925 8.16823e-006
rec_dev(2008)    -0.848896 7.36906e-006
rec_dev(2009)      -2.1454 1.05211e-006
rec_dev(2010)    -0.391023  9.2755e-006
rec_dev(2011)     -1.25574  4.6963e-006
rec_dev(2012)    -0.230938 1.45615e-005
rec_dev(2013)    0.0890106 1.71019e-005
rec_dev(2014)    -0.491738 1.47963e-005
rec_dev(2015)    -0.566139 8.43837e-006
rec_dev(2016)    -0.415683 6.94929e-006
rec_dev(2017)    -0.890519 9.85246e-007
rec_dev(2018)     -1.41477 -6.72041e-007
rec_dev(2019)     -0.60668 -1.47037e-006
rec_dev(2020)    -0.301815 7.81126e-006
rec_dev(2021)    -0.012691 -4.59082e-007
rec_dev(2022)   -0.0045893 8.04365e-008
fmort(1,1978)     0.017862 2.21094e-006
fmort(1,1979)    0.0287249 -3.52023e-005
fmort(1,1980)      0.13375 6.63539e-008
fmort(1,1981)    0.0940113 -1.77318e-005
fmort(1,1982)     0.113607 -8.4131e-006
fmort(1,1983)    0.0834993 -1.70744e-005
fmort(1,1984)    0.0682544 -2.22188e-006
fmort(1,1985)    0.0640355  9.4307e-006
fmort(1,1986)     0.037387 2.73261e-005
fmort(1,1987)    0.0401456 1.06219e-005
fmort(1,1988)    0.0622085 -1.31388e-006
fmort(1,1989)    0.0184856  2.8245e-005
fmort(1,1990)     0.152797 1.03805e-006
fmort(1,1991)     0.168895 6.58339e-006
fmort(1,1992)     0.111218 -1.8685e-006
fmort(1,1993)       0.1435 -2.22469e-006
fmort(1,1994)     0.192395 4.59709e-006
fmort(1,1995)     0.214646 4.94935e-006
fmort(1,1996)     0.141111 -1.26367e-006
fmort(1,1997)     0.115871 -5.37069e-006
fmort(1,1998)     0.151719 -1.71694e-005
fmort(1,1999)     0.005392 -4.31491e-005
fmort(1,2000)   0.00634608 -1.07044e-005
fmort(1,2001)   0.00420822 6.42982e-005
fmort(1,2002)   0.00633962 8.63964e-005
fmort(1,2003)   0.00933371 1.21595e-005
fmort(1,2004)   0.00670478  8.4682e-006
fmort(1,2005)   0.00903118 4.63131e-006
fmort(1,2006)    0.0084445 -1.33249e-006
fmort(1,2007)    0.0133334 8.53598e-006
fmort(1,2008)   0.00720622 5.45574e-005
fmort(1,2009)    0.0113656 2.46004e-005
fmort(1,2010)   0.00961321 2.76785e-005
fmort(1,2011)   0.00903991 2.45983e-005
fmort(1,2012)   0.00686962 5.50145e-005
fmort(1,2013)    0.0195888 1.85218e-005
fmort(1,2014)    0.0149932 5.34251e-006
fmort(1,2015)   0.00561562 4.77811e-005
fmort(1,2016)   0.00719407 3.43714e-005
fmort(1,2017)   0.00757475 1.46571e-005
fmort(1,2018)   0.00840262  0.000107603
fmort(1,2019)   0.00688089 6.23628e-005
fmort(1,2020)     0.012858 3.89455e-005
fmort(1,2021)   0.00757098 6.35862e-005
fmort(1,2022)    0.0115469 -4.39546e-006
log_selcoffs_fsh[1](1,1)     -3.56669 2.30637e-007
log_selcoffs_fsh[1](1,2)      -2.7511 -2.42707e-007
log_selcoffs_fsh[1](1,3)     -1.70784 -9.88972e-008
log_selcoffs_fsh[1](1,4)    -0.579425 -1.52487e-008
log_selcoffs_fsh[1](1,5)   -0.0187389 -4.0872e-007
log_selcoffs_fsh[1](1,6)     0.389761 2.40257e-008
log_selcoffs_fsh[1](1,7)     0.716987 -9.99473e-008
log_selcoffs_fsh[1](1,8)     0.978364 8.57587e-007
log_selcoffs_fsh[1](2,1)     -3.64155 4.75985e-008
log_selcoffs_fsh[1](2,2)     -2.78891 -1.69159e-007
log_selcoffs_fsh[1](2,3)     -1.85356 -2.04098e-007
log_selcoffs_fsh[1](2,4)     -0.86857 2.50227e-007
log_selcoffs_fsh[1](2,5)   -0.0441989 -3.22701e-007
log_selcoffs_fsh[1](2,6)     0.445273 -7.42489e-008
log_selcoffs_fsh[1](2,7)     0.767448 -2.4073e-007
log_selcoffs_fsh[1](2,8)     0.979877 5.34813e-007
log_selcoffs_fsh[1](3,1)      -3.6977 -3.19313e-009
log_selcoffs_fsh[1](3,2)     -2.78888  6.0495e-008
log_selcoffs_fsh[1](3,3)     -1.85418 4.14278e-008
log_selcoffs_fsh[1](3,4)    -0.948248 -4.39493e-008
log_selcoffs_fsh[1](3,5)    -0.154052 -1.96245e-007
log_selcoffs_fsh[1](3,6)     0.462452 -2.45328e-008
log_selcoffs_fsh[1](3,7)     0.800033 4.12838e-009
log_selcoffs_fsh[1](3,8)     0.992854 4.00232e-008
log_selcoffs_fsh[1](4,1)     -3.70687 -6.4827e-008
log_selcoffs_fsh[1](4,2)     -2.80256 1.02562e-007
log_selcoffs_fsh[1](4,3)     -1.84826 -1.90479e-008
log_selcoffs_fsh[1](4,4)    -0.889095 -9.45592e-008
log_selcoffs_fsh[1](4,5)     -0.11866 4.48495e-007
log_selcoffs_fsh[1](4,6)     0.410396 5.74529e-007
log_selcoffs_fsh[1](4,7)      0.74937 4.47951e-007
log_selcoffs_fsh[1](4,8)      1.04206 -1.20117e-006
rec_dev_future(2023)            0            0
rec_dev_future(2024)            0            0
rec_dev_future(2025)            0            0
rec_dev_future(2026)            0            0
rec_dev_future(2027)            0            0
log_selcoffs_ind[1](1,1)    -0.869206 -8.34387e-009
log_selcoffs_ind[1](1,2)     -1.10776 2.18476e-007
log_selcoffs_ind[1](1,3)     -1.03968 -2.42861e-008
log_selcoffs_ind[1](1,4)    -0.710011 5.02443e-008
log_selcoffs_ind[1](1,5)    -0.234419 4.59256e-009
log_selcoffs_ind[1](1,6)     0.255259 6.17454e-008
log_selcoffs_ind[1](1,7)     0.630486 2.40938e-009
log_selcoffs_ind[1](1,8)      0.89399 -3.22298e-007
repl_F   0.00124107 -1.62946e-006
