# Number of parameters = 142 Objective function value = 496.423379483562  Maximum gradient component = 0.000286998043792030
# tau:
0.200000000000
# Mest:
0.193593629305
# log_Linf:
4.30945594184
# log_k:
-1.83258146375
# log_Lo:
2.89037175790
# log_sdage:
-2.40794560865
# mean_log_rec:
-2.46579910040
# steepness:
0.700000000000
# log_Rzero:
-2.75209699414
# rec_dev:
 -0.711724230910 -0.794860658673 -0.863279188786 -0.866677087356 -0.782584045235 -0.262831178961 -0.0565903852343 0.0623236997782 0.133251011275 -0.0834991967128 1.08170842162 0.480939919724 0.885326931526 0.499299549305 0.554248787024 0.481403937399 3.03415321846 -0.331619822432 -0.164266377254 1.61674076906 0.671045379033 2.03786667752 0.454709420741 0.421718415410 1.24009641338 0.583258907421 -0.0711087782317 1.23229866383 -0.452503383398 -0.0814499344616 -0.182621930470 0.618819198342 -0.803270219100 -0.135386243872 -0.565473261960 -0.804123977644 -0.606372188052 0.293585179047 0.487203606094 -0.991363981800 -1.11727440868 -1.04958960918 -1.32492368561 -0.673516656800 0.202961378166 -0.308678932076 -1.19460248340 0.232250933299 -0.781595450113 0.739455009047 -0.0606829322795 -0.190586511493 -0.0131072547544 -0.00441627468191
# log_sigmar:
-0.510825623766
# fmort:
 0.0219969621740 0.0350807230461 0.165020648958 0.116845638408 0.141911690529 0.104044752709 0.0846548024569 0.0798335931911 0.0465934243549 0.0482718523049 0.0730255191830 0.0213536032743 0.173637430976 0.191424457463 0.123173680681 0.155775074081 0.206576429718 0.227675004688 0.147899508362 0.119882513262 0.154172917703 0.00542346061327 0.00626655916493 0.00408678414631 0.00596098965276 0.00855440892810 0.00600415301965 0.00795390864620 0.00729331239899 0.0112625743526 0.00588898793955 0.00898501871838 0.00750839741383 0.00723246968746 0.00570372043125 0.0167021711770 0.0131493815428 0.00498158783418 0.00643756205388
# log_selcoffs_fsh[1]:
 -3.18612298600 -2.46846448210 -1.50951033956 -0.446065338340 0.0648539918201 0.424598464788 0.687685325411 0.886947422887
 -3.23452452711 -2.48722112093 -1.64731301889 -0.739863812623 0.0351020727790 0.474231647309 0.743229802932 0.901182904628
 -3.25298760905 -2.46950046981 -1.65826080315 -0.856445582465 -0.118180829115 0.484247695046 0.796402003955 0.929222221782
 -3.22477585589 -2.43805155438 -1.63673004424 -0.860119635001 -0.169409023411 0.389330917303 0.781674816443 1.01156176728
# log_sel_spl_fsh[1]:
 0.00000000000 0.00000000000 0.00000000000 0.00000000000
 0.00000000000 0.00000000000 0.00000000000 0.00000000000
 0.00000000000 0.00000000000 0.00000000000 0.00000000000
 0.00000000000 0.00000000000 0.00000000000 0.00000000000
# logsel_slope_fsh[1]:
 0.00000000000 0.00000000000 0.00000000000 0.00000000000
# sel50_fsh[1]:
 0.00000000000 0.00000000000 0.00000000000 0.00000000000
# logsel_p1_fsh[1]:
 0.00000000000 0.00000000000 0.00000000000 0.00000000000
# logsel_p2_fsh[1]:
 0.00000000000 0.00000000000 0.00000000000 0.00000000000
# logsel_p3_fsh[1]:
 0.00000000000 0.00000000000 0.00000000000 0.00000000000
# rec_dev_future:
 0.00000000000 0.00000000000 0.00000000000 0.00000000000 0.00000000000
# log_q_ind[1]:
0.00000000000
# log_q_power_ind[1]:
0.00000000000
# log_selcoffs_ind[1]:
 -0.561375064094 -0.796884090944 -0.766429942719 -0.503927018679 -0.126090662692 0.255373154025 0.534648760176 0.708378235178
# logsel_slope_ind[1]:
 0.00000000000
# sel50_ind[1]:
 0.00000000000
# logsel_p1_ind[1]:
 0.00000000000
# logsel_p2_ind[1]:
 0.00000000000
# logsel_p3_ind[1]:
 0.00000000000
# repl_F:
-0.00140842654093
